occ load(%) duration processor
2 58 16 15
7 91 46 18
11 83 77 9
19 28 92 7
32 8 43 9
33 59 80 6
40 63 21 28
50 80 20 7
56 89 44 26
60 19 12 5
66 30 48 11
75 74 76 10
83 33 59 14
87 75 25 8
88 88 105 19
90 68 89 4
96 69 49 4
105 34 102 20
110 64 106 6
123 67 37 21
132 19 107 1
142 65 47 11
144 44 101 24
145 7 34 10
157 28 15 20
159 27 63 4
173 36 24 7
186 49 98 11
198 74 87 23
198 21 20 26
204 57 54 12
205 50 48 14
213 12 57 6
219 49 90 7
230 66 36 11
237 60 78 23
242 32 57 15
248 8 78 2
248 55 29 9
254 87 64 13
267 37 33 11
280 48 10 27
283 67 107 26
286 72 41 14
297 50 58 29
308 92 23 3
311 19 90 5
319 41 16 10
330 84 80 27
341 84 104 13
345 88 27 12
358 18 61 10
366 64 64 3
374 26 47 2
379 74 108 23
393 12 24 19
394 9 78 20
400 25 42 24
410 64 29 10
422 44 29 25
431 85 59 6
441 37 89 9
442 64 89 5
448 73 100 19
452 28 37 8
458 75 51 0
461 29 34 7
471 43 66 17
471 52 34 16
471 17 14 6
477 46 34 20
478 11 88 5
487 47 12 22
500 63 106 28
511 86 18 22
517 37 75 4
517 82 12 10
526 79 12 28
536 7 21 14
540 70 18 19
544 10 35 12
544 20 46 12
554 35 108 15
559 36 11 3
573 15 104 23
585 69 29 21
591 40 105 29
594 16 94 28
599 84 84 11
603 50 15 8
611 19 100 14
621 94 80 15
629 62 76 10
643 78 23 0
644 9 58 4
644 14 103 8
648 63 66 22
650 49 25 4
651 21 103 18
658 39 57 8
661 37 55 13
674 83 35 13
686 49 17 7
687 6 49 17
691 46 33 15
704 81 51 29
707 8 106 12
707 26 39 3
709 53 50 11
711 59 100 11
716 7 74 19
729 10 10 16
737 67 17 11
751 44 41 5
762 18 76 5
770 36 10 15
783 66 106 6
785 23 68 7
798 67 74 3
804 76 28 24
804 9 92 5
818 89 65 24
829 78 72 5
837 27 44 4
851 74 77 10
864 9 65 26
868 63 52 2
876 91 14 15
889 86 65 7
899 68 71 3
908 62 92 7
914 19 24 13
926 71 24 27
933 72 64 3
934 60 86 13
938 55 83 24
941 88 86 3
955 85 83 8
958 20 41 17
963 20 87 10
969 20 45 26
972 36 93 23
981 68 81 13
985 15 15 27
996 82 87 16
1002 77 16 13
1008 79 25 20
1018 65 102 12
1021 28 21 27
1021 79 61 19
1033 42 74 21
1046 30 40 9
1050 63 43 23
1057 54 11 29
1065 6 70 23
1070 93 61 4
1074 7 94 26
1083 82 10 29
1095 86 65 27
1107 58 44 6
1113 73 61 29
1118 81 107 27
1126 53 64 7
1132 39 104 16
1132 75 64 12
1141 75 98 4
1142 54 75 4
1155 55 107 4
1168 75 91 26
1175 25 30 24
1189 27 30 16
1193 22 66 29
1204 81 17 19
1211 81 98 10
1219 64 24 4
1224 91 61 29
1237 26 67 27
1243 32 107 21
1249 91 14 2
1258 30 46 5
1267 48 72 18
1277 71 27 29
1284 55 41 4
1298 40 75 5
1304 67 64 11
1305 48 109 12
1310 55 10 18
1310 67 10 19
1312 18 60 6
1315 31 100 25
1315 79 94 16
1326 13 62 4
1335 12 92 25
1345 75 15 26
1358 45 99 24
1368 59 105 3
1372 86 22 3
1378 47 108 26
1382 81 47 13
1390 92 19 28
1397 34 104 0
1406 90 102 6
1407 21 21 28
1409 51 14 13
1417 22 32 15
1417 64 20 0
1429 53 37 18
1436 90 81 8
1441 15 34 16
1445 80 65 13
1447 35 67 29
1447 60 22 22
1457 72 52 6
1463 13 14 7
1475 45 88 16
1489 48 108 19
1497 6 64 12
1509 9 53 27
1514 67 98 28
1523 57 15 17
1525 80 102 27
1525 65 28 4
1528 90 37 1
1535 38 92 26
1539 81 104 11
1546 71 37 23
1559 62 90 9
1568 39 103 17
1574 67 63 0
1578 85 38 10
1587 80 91 24
1592 80 98 20
1599 24 12 16
1610 78 99 21
1622 75 103 26
1623 54 66 10
1636 28 103 8
1644 15 63 16
1655 8 108 8
1665 77 15 20
1675 40 28 18
1681 26 52 27
1694 87 71 25
1700 55 26 10
1710 18 25 28
1713 11 91 18
1722 66 108 26
1736 49 45 20
1749 35 35 24
1761 65 74 14
1775 10 28 29
1780 53 44 14
1794 76 41 8
1802 57 35 26
1814 38 95 14
1819 20 14 27
1825 16 51 20
1835 36 79 23
1848 5 45 11
1848 21 41 12
1856 6 75 25
1859 57 109 29
1862 64 25 28
1873 27 102 28
1887 47 39 14
1900 22 108 7
1912 77 102 27
1917 89 47 14
1922 63 89 22
1927 32 30 13
1931 85 78 3
1943 55 106 14
1953 57 43 12
1963 20 40 13
1972 78 81 19
1972 43 73 25
1983 52 27 10
1997 82 52 3
2009 21 67 28
2009 91 24 20
2017 25 55 24
2019 88 37 7
2025 73 87 26
2028 20 105 21
2034 69 97 27
2036 84 13 11
2045 69 72 29
2057 11 61 14
2060 15 97 14
2067 61 108 14
2077 17 87 22
2090 44 29 29
2091 91 68 2
2095 60 14 23
2104 27 94 28
2115 40 71 10
2118 46 40 17
2124 15 100 12
2128 86 86 1
2129 49 77 27
2131 39 94 21
2138 14 27 0
2138 85 37 20
2141 56 106 7
2143 77 36 13
2156 28 14 4
2156 37 14 6
2156 7 97 13
2169 47 66 1
2175 64 17 28
2189 18 12 10
2192 92 11 23
2198 14 83 1
2210 53 46 15
2211 29 48 21
2218 75 54 9
2221 28 86 1
2230 67 101 4
2235 21 74 22
2241 48 26 22
2244 15 13 7
2249 94 51 24
2253 32 56 13
2262 54 49 19
2273 81 70 26
2273 59 22 8
2286 34 70 5
2294 55 24 19
2296 88 105 16
2299 27 35 14
2299 65 64 20
2312 30 66 28
2312 6 68 0
2317 15 53 9
2319 83 31 2
2333 54 70 26
2340 76 19 8
2346 91 73 2
2355 5 54 28
2357 58 47 27
2370 31 18 2
2373 69 28 9
2382 12 67 13
2387 25 104 19
2395 30 64 16
2408 38 43 20
2413 52 78 14
2417 40 84 0
2423 13 20 10
2430 39 90 1
2444 50 108 1
2444 61 52 20
2457 54 81 27
2457 26 100 6
2457 45 103 18
2469 81 46 24
2479 25 34 8
2485 63 75 18
2489 43 53 9
2489 11 62 22
2492 90 58 29
2503 85 61 8
2505 60 83 20
2517 51 21 1
2521 56 11 14
2524 73 12 6
2533 69 57 29
2546 49 58 20
2556 85 66 16
2562 63 23 7
2573 42 49 29
2574 78 94 13
2579 9 35 18
2590 28 51 11
2593 76 33 14
2598 92 31 16
2611 84 26 19
2615 43 104 12
2623 84 31 4
2637 70 37 8
2651 82 105 29
2661 61 18 7
2666 91 86 7
2673 56 44 3
2674 87 89 3
2679 55 106 14
2682 21 98 17
2687 63 37 22
2691 86 32 28
2700 38 91 11
2709 83 70 11
2711 38 67 15
2725 94 55 9
2738 94 109 13
2744 21 30 10
2751 63 40 27
2762 54 64 26
2773 22 105 12
2785 36 64 19
2788 74 40 7
2796 9 108 4
2808 59 86 15
2812 40 13 4
2816 82 23 21
2827 51 36 5
2831 54 80 12
2831 38 87 15
2843 10 52 9
2845 89 80 4
2847 80 43 12
2861 13 52 18
2871 21 93 9
2883 20 46 21
2885 35 74 4
2898 40 22 20
2899 24 56 20
2911 82 35 4
2917 54 83 23
2928 74 23 27
2936 22 105 21
2940 87 57 12
2944 86 60 19
2958 77 74 21
2967 91 100 0
2978 84 88 26
2991 18 101 4
2992 68 33 13
2994 34 14 14
2994 90 17 1
2998 35 32 8
3012 74 55 25
3015 10 85 17
3025 79 35 29
3027 93 95 19
3028 89 23 27
3028 33 42 25
3032 25 12 12
3033 82 30 21
3037 25 86 11
3044 86 56 12
3049 33 21 5
3053 86 12 18
3054 38 77 21
3067 86 79 2
3069 62 44 20
3081 67 95 12
3092 19 30 26
3105 29 103 28
3109 16 27 27
3119 20 107 23
3129 21 76 9
3140 67 103 0
3150 50 25 25
3156 88 48 4
3169 15 49 26
3174 42 103 11
3177 76 81 26
3186 58 42 7
3200 48 60 3
3206 40 27 27
3206 28 106 24
3218 84 92 1
3229 94 84 29
3237 38 74 28
3238 41 94 3
3251 78 93 11
3261 25 22 15
3264 28 72 13
3266 44 28 11
3267 50 40 18
3267 9 63 22
3280 49 62 28
3281 71 29 7
3290 8 97 3
3293 32 31 6
3306 68 62 3
3308 84 94 16
3320 18 68 1
3327 23 30 8
3335 30 52 6
3348 56 80 25
3357 78 16 14
3360 8 72 20
3373 32 49 24
3386 21 70 7
3389 60 95 2
3391 54 104 27
3402 41 99 24
3408 27 92 10
3413 21 27 8
3415 69 17 29
3425 88 56 16
3431 43 13 29
3444 31 86 22
3452 13 58 28
3461 8 88 1
3472 55 94 23
3472 10 37 7
3476 57 18 24
3487 21 54 18
3489 17 17 7
3491 73 76 11
3494 80 28 2
3501 43 22 15
3502 78 65 6
3505 79 25 3
3515 91 27 24
3517 16 54 26
3519 46 89 17
3526 44 30 9
3535 5 42 16
3542 61 28 21
3545 18 17 5
3547 25 10 8
3561 62 36 4
3575 18 32 10
3583 67 52 9
3589 63 16 5
3591 60 75 29
3601 65 91 19
3615 19 13 8
3628 45 36 14
3636 51 52 3
3647 19 73 0
3651 88 67 11
3661 77 10 2
3667 22 36 7
3674 71 18 24
3677 67 100 8
3682 53 93 24
3683 52 85 11
3685 11 50 26
3685 9 84 15
3699 92 26 14
3709 83 70 19
3719 80 17 10
3720 93 76 12
3731 92 56 1
3731 75 71 6
3731 42 10 10
3737 91 18 12
3737 53 65 22
3750 56 88 8
3760 53 109 14
3760 89 72 18
3763 55 48 1
3773 91 13 29
3778 31 107 22
3789 94 47 16
3789 26 97 21
3797 61 27 21
3801 7 64 9
3812 74 70 14
3819 53 36 19
3825 89 52 29
3838 57 41 2
3845 65 40 25
3858 41 63 19
3858 47 31 28
3871 46 58 20
3881 77 37 3
3888 92 43 14
3899 72 60 13
3912 35 35 8
3916 62 106 26
3918 48 103 7
3921 71 53 18
3933 48 58 9
3941 55 91 12
3945 34 88 12
3953 65 58 27
3954 49 27 11
3959 87 65 8
3973 67 109 4
3975 47 94 6
3988 6 31 13
3994 16 85 16
3995 37 55 1
4002 63 60 20
4012 73 99 4
4023 30 56 5
4029 14 103 14
4033 67 52 29
4036 39 82 9
4040 69 21 19
4052 28 82 8
4059 91 45 16
4073 81 16 24
4077 12 55 4
4090 82 43 23
4099 18 105 20
4101 53 108 7
4104 50 89 23
4112 93 77 16
4126 13 46 0
4127 82 105 9
4133 15 30 11
4134 62 46 5
4138 36 22 25
4139 64 87 25
4141 70 26 8
4149 83 57 28
4159 87 72 15
4171 6 46 14
4178 84 12 25
4189 43 46 19
4194 80 89 3
4198 91 85 8
4204 5 108 0
4209 55 16 25
4219 7 51 26
4233 52 99 18
4236 7 99 4
4239 50 71 24
4252 71 68 28
4260 70 90 6
4266 92 61 11
4269 8 15 15
4270 47 98 4
4277 79 49 12
4285 12 78 4
4294 67 44 18
4297 48 76 17
4304 61 75 18
4309 6 96 1
4317 11 99 7
4331 59 11 21
4342 92 74 27
4349 41 76 4
4350 79 15 21
4358 82 96 2
4367 29 78 27
4370 50 76 10
4376 74 33 15
4389 27 88 14
4402 34 51 25
4406 38 37 10
4407 53 109 19
4417 34 103 24
4420 8 16 18
4428 93 99 19
4437 49 76 17
4448 11 72 14
4453 52 69 9
4455 84 18 7
4464 22 11 16
4465 46 22 5
4476 13 14 22
4485 82 15 3
4488 92 62 7
4502 30 17 18
4508 59 81 12
4520 10 21 19
4531 22 64 2
4535 75 14 13
4543 67 69 3
4550 22 61 22
4555 62 23 22
4568 48 87 24
4576 45 74 15
4584 20 33 22
4586 44 97 12
4589 75 73 26
4596 76 35 6
4601 76 23 13
4610 29 27 3
4618 80 71 4
4629 49 68 14
4635 86 11 13
4645 10 82 24
4649 18 68 7
4649 76 26 24
4653 56 26 21
4666 83 44 21
4676 47 26 14
4683 63 35 5
4695 75 77 26
4709 44 11 4
4710 38 89 14
4720 62 59 21
4727 13 44 6
4727 74 37 26
4734 17 50 6
4737 45 48 13
4737 84 43 14
4741 43 96 23
4742 43 38 16
4753 12 108 14
4764 46 42 23
4766 92 77 1
4774 13 73 11
4776 52 54 0
4782 79 63 26
4788 84 102 22
4798 83 29 17
4807 30 90 27
4818 36 31 21
4832 77 83 27
4834 26 74 27
4837 28 67 0
4846 92 107 10
4852 34 96 2
4861 12 19 10
4865 57 73 7
4871 40 64 4
4876 78 92 1
4883 54 31 4
4884 69 94 8
4896 81 60 10
4896 8 29 14
4904 74 70 29
4915 56 14 29
4919 71 43 25
4924 76 43 16
4931 68 84 17
4944 81 81 12
4956 87 51 14
4958 25 35 7
4963 78 25 23
4964 42 15 24
4975 84 57 8
4980 27 99 3
4988 94 30 3
5000 86 82 24
5012 51 98 15
5021 56 64 9
5021 24 16 10
5034 36 109 25
5047 76 49 18
5050 89 84 8
5051 47 43 1
5063 12 62 24
5071 9 88 22
5074 87 32 20
5077 41 95 5
5090 55 69 27
5104 22 99 11
5110 78 50 27
5117 33 20 26
5121 54 11 16
5123 47 72 17
5137 31 100 1
5141 74 94 4
5148 22 44 15
5160 23 37 4
5163 10 67 1
5166 55 45 26
5168 50 100 14
5174 6 95 13
5183 21 75 22
5192 42 99 16
5197 64 16 14
5198 16 84 13
5207 54 41 24
5211 87 86 11
5221 70 44 20
5223 14 42 27
5229 91 44 22
5233 23 64 5
5235 25 86 11
5235 57 10 3
5237 38 49 20
5250 89 12 22
5256 18 107 2
5258 59 18 25
5260 66 22 4
5271 5 36 23
5281 74 83 26
5281 78 25 19
5290 73 13 0
5296 46 40 8
5304 83 18 29
5304 30 40 10
5308 8 33 25
5319 28 17 22
5321 83 98 12
5321 29 90 0
5326 24 85 25
5334 24 101 20
5334 32 20 29
5341 50 73 7
5352 63 109 7
5352 70 41 27
5365 17 47 7
5376 47 57 17
5387 79 63 27
5399 71 34 7
5409 57 44 0
5419 23 70 15
5424 50 25 18
5429 49 81 26
5430 66 48 16
5434 11 28 12
5439 88 34 22
5452 49 105 6
5463 32 103 17
5467 13 54 11
5471 71 46 8
5484 29 84 11
5495 7 38 25
5509 23 43 19
5523 90 37 11
5523 35 54 5
5529 40 15 14
5529 15 13 2
5540 60 10 11
5549 90 23 24
5552 11 105 25
5561 12 97 9
5570 54 58 0
5583 14 58 27
5586 34 50 14
5591 23 29 20
5591 73 28 19
5593 32 80 11
5605 46 45 7
5614 76 71 5
5614 91 41 1
5614 53 31 15
5621 54 104 15
5630 19 28 2
5643 66 13 19
5644 10 52 1
5648 15 50 28
5661 44 103 7
5671 60 31 9
5681 41 36 14
5689 17 91 26
5702 89 51 15
5716 48 33 4
5725 20 84 3
5730 6 15 16
5735 45 65 25
5741 10 39 17
5749 93 38 15
5749 75 71 27
5750 12 58 2
5758 83 90 20
5758 34 24 23
5769 33 74 2
5776 17 85 22
5787 93 35 10
5787 57 63 3
5801 86 91 22
5815 42 53 16
5825 41 25 14
5833 72 101 3
5844 59 57 26
5847 59 79 25
5855 65 60 25
5864 54 99 18
5873 15 63 13
5885 10 32 17
5887 93 41 16
5888 20 40 3
5893 44 80 21
5907 73 18 16
5916 55 70 9
5927 38 10 19
5939 88 57 6
5940 57 59 28
5947 55 61 4
5948 21 85 10
5948 26 48 13
5948 68 10 6
5953 18 99 13
5958 12 86 15
5966 62 22 4
5971 48 67 8
5975 22 104 12
5982 66 57 11
5996 25 93 14
5999 32 18 26
6009 14 52 6
6014 86 103 2
6027 51 37 24
6038 89 82 21
6044 27 90 3
6045 68 41 23
6047 80 33 28
6059 94 93 6
6060 59 19 23
6060 21 26 21
6066 27 81 16
6066 69 72 8
6071 86 65 29
6084 41 84 9
6095 23 55 21
6102 89 41 23
6115 6 18 27
6122 48 21 19
6126 63 28 19
6140 42 26 27
6145 84 59 26
6150 38 34 11
6153 5 28 26
6164 30 107 13
6169 66 57 11
6169 6 103 15
6177 51 73 0
6183 85 51 12
6195 47 58 19
6207 15 90 17
6219 48 34 15
6228 76 91 7
6242 14 30 20
6252 31 104 5
6258 83 75 26
6268 9 97 0
6279 69 13 23
6284 84 87 19
6285 76 28 18
6289 68 82 6
6291 32 26 6
6294 8 63 18
6307 38 33 29
6321 67 107 18
6325 94 67 23
6326 61 103 21
6337 51 23 7
6345 72 21 20
6347 40 77 10
6354 30 52 11
6354 94 77 24
6363 80 95 3
6365 63 104 9
6376 34 86 19
6387 49 102 0
6400 55 93 23
6401 50 17 1
6408 80 14 2
6422 90 97 8
6425 14 43 0
6431 14 32 1
6436 51 16 21
6441 83 47 20
6442 22 35 3
6450 82 79 16
6456 83 33 4
6460 86 86 11
6467 48 27 8
6476 5 85 11
6487 6 81 15
6490 42 103 10
6494 8 75 22
6494 21 104 14
6498 83 29 25
6511 36 13 12
6523 28 67 11
6536 74 50 21
6548 94 89 4
6559 9 62 10
6560 80 94 13
6574 28 88 2
6578 72 79 21
6591 36 17 6
6598 24 104 22
6604 32 22 19
6616 23 94 18
6624 65 70 26
6632 9 14 4
6641 83 44 17
6641 28 54 28
6652 41 35 23
6664 18 96 9
6673 7 80 24
6683 56 55 13
6687 25 63 20
6692 45 14 21
6706 83 94 4
6714 65 96 5
6727 69 43 1
6730 51 47 9
6738 11 93 20
6739 86 17 23
6753 92 27 28
6755 90 60 27
6765 54 85 23
6777 59 105 19
6779 50 33 29
6779 45 56 16
6789 77 45 18
6795 91 17 9
6809 10 82 16
6823 67 76 16
6835 31 27 19
6839 26 64 13
6853 77 106 28
6864 88 89 15
6865 56 90 10
6866 66 17 23
6876 38 91 11
6883 39 24 1
6884 41 64 15
6897 67 76 0
6905 33 95 5
6916 30 86 7
6922 65 32 20
6934 73 57 23
6944 48 95 7
